%YAML:1.0
R: !!opencv-matrix
   rows: 3
   cols: 3
   dt: d
   data: [ 9.9992596145472890e-01, -1.1480245413090526e-03,
       1.2114192027893244e-02, 1.0187632808535665e-03,
       9.9994254412723393e-01, 1.0671015215640451e-02,
       -1.2125746583765659e-02, -1.0657883655182098e-02,
       9.9986967940116023e-01 ]
T: !!opencv-matrix
   rows: 3
   cols: 1
   dt: d
   data: [ -6.2094582949990567e+01, 3.3214637780107642e-01,
       -3.3916519488236991e+00 ]
R1: !!opencv-matrix
   rows: 3
   cols: 3
   dt: d
   data: [ 9.9775668447444266e-01, -7.0682612632574967e-03,
       6.6570551066382294e-02, 6.7129871403351958e-03,
       9.9996201599864110e-01, 5.5589894393796042e-03,
       -6.6607314840197357e-02, -5.0996316188301914e-03,
       9.9776623483014859e-01 ]
R2: !!opencv-matrix
   rows: 3
   cols: 3
   dt: d
   data: [ 9.9849737499740532e-01, -5.3410019134255606e-03,
       5.4538663550291931e-02, 5.6318518513389353e-03,
       9.9997072131397358e-01, -5.1806138184545747e-03,
       -5.4509397061568453e-02, 5.4799829718874303e-03,
       9.9849822003777866e-01 ]
P1: !!opencv-matrix
   rows: 3
   cols: 4
   dt: d
   data: [ -6.9282687325244906e+03, 0., 2.7336126884222031e+03, 0., 0.,
       -6.9282687325244906e+03, -2.2134859070777893e+03, 0., 0., 0., 1.,
       0. ]
P2: !!opencv-matrix
   rows: 3
   cols: 4
   dt: d
   data: [ -6.9282687325244906e+03, 0., 2.7336126884222031e+03,
       4.3085537156538444e+05, 0., -6.9282687325244906e+03,
       -2.2134859070777893e+03, 0., 0., 0., 1., 0. ]
Q: !!opencv-matrix
   rows: 4
   cols: 4
   dt: d
   data: [ 1., 0., 0., -2.7336126884222031e+03, 0., 1., 0.,
       2.2134859070777893e+03, 0., 0., 0., -6.9282687325244906e+03, 0.,
       0., 1.6080265420279415e-02, 0. ]
