%YAML:1.0
M1: !!opencv-matrix
   rows: 3
   cols: 3
   dt: d
   data: [ 9.6204260947877265e+02, 0., 3.3120130995297751e+02, 0.,
       9.6217785681042642e+02, 3.0411789833067598e+02, 0., 0., 1. ]
D1: !!opencv-matrix
   rows: 5
   cols: 1
   dt: d
   data: [ -5.3410376403588575e-02, 4.0614472622241289e+00,
       5.6533377623562637e-03, -5.8817053954153195e-03,
       -2.4723970148683318e+01 ]
M2: !!opencv-matrix
   rows: 3
   cols: 3
   dt: d
   data: [ 9.5349265969710859e+02, 0., 2.6584645231498882e+02, 0.,
       9.5359308284627991e+02, 2.7768824882474087e+02, 0., 0., 1. ]
D2: !!opencv-matrix
   rows: 5
   cols: 1
   dt: d
   data: [ -5.5394010713977815e-02, 4.5924189626935474e+00,
       5.1595273313518623e-03, -1.4961450568451381e-02,
       -4.3733076828026476e+01 ]
