%YAML:1.0
R: !!opencv-matrix
   rows: 3
   cols: 3
   dt: d
   data: [ 9.9997154349340589e-01, 4.8207258103294326e-03,
       5.8028274209405602e-03, -4.8862816890058872e-03,
       9.9992380029161931e-01, 1.1336571863730664e-02,
       -5.7477347425991931e-03, -1.1364603513870055e-02,
       9.9991890137765738e-01 ]
T: !!opencv-matrix
   rows: 3
   cols: 1
   dt: d
   data: [ -3.3427005392744027e+00, 4.6825258458165965e-02,
       3.6559704939383075e-03 ]
R1: !!opencv-matrix
   rows: 3
   cols: 3
   dt: d
   data: [ 9.9994757489581787e-01, -9.1730838367605639e-03,
       4.5499442739874397e-03, 9.1470267161634922e-03,
       9.9994183345067289e-01, 5.7150343446651366e-03,
       -4.6021041086029713e-03, -5.6731162715629949e-03,
       9.9997331783880261e-01 ]
R2: !!opencv-matrix
   rows: 3
   cols: 3
   dt: d
   data: [ 9.9990130150044387e-01, -1.4006829605384170e-02,
       -1.0936096764221079e-03, 1.4000375187083731e-02,
       9.9988573212296639e-01, -5.7019462940838053e-03,
       1.1733509021263626e-03, 5.6860725747618947e-03,
       9.9998314577113501e-01 ]
P1: !!opencv-matrix
   rows: 3
   cols: 4
   dt: d
   data: [ 4.3966129103556420e+02, 0., 3.1935494613647461e+02, 0., 0.,
       4.3966129103556420e+02, 2.3946081352233887e+02, 0., 0., 0., 1.,
       0. ]
P2: !!opencv-matrix
   rows: 3
   cols: 4
   dt: d
   data: [ 4.3966129103556420e+02, 0., 3.1935494613647461e+02,
       -1.4698011018060549e+03, 0., 4.3966129103556420e+02,
       2.3946081352233887e+02, 0., 0., 0., 1., 0. ]
Q: !!opencv-matrix
   rows: 4
   cols: 4
   dt: d
   data: [ 1., 0., 0., -3.1935494613647461e+02, 0., 1., 0.,
       -2.3946081352233887e+02, 0., 0., 0., 4.3966129103556420e+02, 0.,
       0., 2.9912978735375784e-01, 0. ]
