%YAML:1.0
M1: !!opencv-matrix
   rows: 3
   cols: 3
   dt: d
   data: [ 5.3398822221724504e+02, 0., 3.2838497016379011e+02, 0.,
       5.2871090977590973e+02, 2.3684253625906928e+02, 0., 0., 1. ]
D1: !!opencv-matrix
   rows: 1
   cols: 14
   dt: d
   data: [ -2.5899243047060283e-01, -1.2606741519378353e-01, 0., 0., 0.,
       0., 0., -3.9947547620666957e-01, 0., 0., 0., 0., 0., 0. ]
M2: !!opencv-matrix
   rows: 3
   cols: 3
   dt: d
   data: [ 5.3398822221724504e+02, 0., 3.1377279555798759e+02, 0.,
       5.2871090977590973e+02, 2.4187108515314361e+02, 0., 0., 1. ]
D2: !!opencv-matrix
   rows: 1
   cols: 14
   dt: d
   data: [ -2.6296244653012751e-01, -1.2161092030297364e-02, 0., 0., 0.,
       0., 0., -1.9511661496756538e-01, 0., 0., 0., 0., 0., 0. ]
