%YAML:1.0
R: !!opencv-matrix
   rows: 3
   cols: 3
   dt: d
   data: [ 9.9949866126413967e-01, 9.8947147656581200e-04,
       3.1645648632783976e-02, -1.0711588768386902e-03,
       9.9999613805746956e-01, 2.5644665735673222e-03,
       -3.1642988952580470e-02, -2.5970784245835008e-03,
       9.9949586113890609e-01 ]
T: !!opencv-matrix
   rows: 3
   cols: 1
   dt: d
   data: [ -6.3157873465010582e+01, 2.9977456067876057e-01,
       3.4263743306363330e+00 ]
R1: !!opencv-matrix
   rows: 3
   cols: 3
   dt: d
   data: [ 9.9973904513044387e-01, -3.6106982278094469e-03,
       -2.2556695236137292e-02, 3.6403235455738920e-03,
       9.9999256443357487e-01, 1.2724472665216302e-03,
       2.2551933091241309e-02, -1.3542288839896244e-03,
       9.9974475561414078e-01 ]
R2: !!opencv-matrix
   rows: 3
   cols: 3
   dt: d
   data: [ 9.9852044328670175e-01, -4.7394095271571061e-03,
       -5.4170677823545871e-02, 4.6682300487542626e-03,
       9.9998806630336134e-01, -1.4404440551643825e-03,
       5.4176858221388388e-02, 1.1854316505151695e-03,
       9.9853065190061219e-01 ]
P1: !!opencv-matrix
   rows: 3
   cols: 4
   dt: d
   data: [ 8.9872532903568663e+02, 0., 3.6517218399047852e+02, 0., 0.,
       8.9872532903568663e+02, 2.2448561286926270e+02, 0., 0., 0., 1.,
       0. ]
P2: !!opencv-matrix
   rows: 3
   cols: 4
   dt: d
   data: [ 8.9872532903568663e+02, 0., 3.6517218399047852e+02,
       -5.6845687028901542e+04, 0., 8.9872532903568663e+02,
       2.2448561286926270e+02, 0., 0., 0., 1., 0. ]
Q: !!opencv-matrix
   rows: 4
   cols: 4
   dt: d
   data: [ 1., 0., 0., -3.6517218399047852e+02, 0., 1., 0.,
       -2.2448561286926270e+02, 0., 0., 0., 8.9872532903568663e+02, 0.,
       0., 1.5809912343547818e-02, 0. ]
