%YAML:1.0
M1: !!opencv-matrix
   rows: 3
   cols: 3
   dt: d
   data: [ 9.7202107466042150e+02, 0., 3.2451243621266406e+02, 0.,
       9.7488718229838412e+02, 2.2766301877226883e+02, 0., 0., 1. ]
D1: !!opencv-matrix
   rows: 5
   cols: 1
   dt: d
   data: [ 6.0220136514619188e-03, 2.7734126911500572e+00,
       -1.2662551119743302e-03, 7.3960326264004561e-03,
       -2.0524224925466743e+01 ]
M2: !!opencv-matrix
   rows: 3
   cols: 3
   dt: d
   data: [ 9.8199159222416131e+02, 0., 3.1747326500372429e+02, 0.,
       9.8452064686810138e+02, 2.2587858528902646e+02, 0., 0., 1. ]
D2: !!opencv-matrix
   rows: 5
   cols: 1
   dt: d
   data: [ -1.7872435098202683e-01, 5.6004991926119709e+00,
       9.0710067426234364e-04, 1.3893807330050782e-03,
       -2.9659209795708868e+01 ]
